18 18 18 18 18 18 18 18 18 18 18 18 18 18 18 18 18 18 18 18 18 18 18 18 18 18 18 18 18 18 18 18 18 19 18 18 18 18 18 18 18 18 18 18 18 18 18 18 18 18 
18 18 18 28 26 26 26 26 26 26 26 26 29 18 18 18 18 18 18 18 18 18 18 18 18 18 18 18 18 18 18 28 26 26 26 26 26 26 29 18 18 18 18 18 18 18 18 18 18 18 
18 18 28 27 42 39 43 16 16 16 16 2 25 26 26 26 26 26 26 26 26 26 26 26 26 26 26 26 26 26 26 27 2 16 16 16 16 2 23 18 18 18 19 18 18 18 18 18 18 18 
18 28 27 42 40 1 38 16 16 16 16 1 50 39 39 39 39 39 39 39 39 39 39 39 39 39 39 39 39 52 1 1 1 2 16 1 1 1 23 18 18 18 18 18 18 18 18 18 18 18 
18 24 16 38 1 16 46 39 39 52 1 1 20 21 21 21 21 21 21 21 21 21 21 21 21 21 21 21 21 22 1 1 1 1 1 1 1 16 23 18 18 18 18 18 18 18 18 18 18 18 
18 30 22 38 2 1 38 16 16 16 2 20 31 18 18 18 18 18 18 18 60 18 18 18 18 18 18 18 18 24 2 1 1 1 16 16 16 16 23 18 18 18 18 18 18 18 18 18 18 18 
18 18 24 41 43 1 38 16 16 16 20 31 18 18 18 18 18 18 60 18 61 18 18 18 18 18 18 18 18 24 16 1 2 16 16 16 16 16 23 18 18 18 18 18 18 18 18 18 18 18 
18 18 30 22 41 39 40 20 21 21 31 18 18 18 18 18 18 18 61 56 18 18 18 18 18 18 18 18 18 24 16 1 1 1 1 1 2 1 23 18 18 18 18 18 18 18 18 18 18 18 
18 18 18 30 21 21 21 31 18 18 18 18 18 18 18 18 18 18 18 57 58 18 18 18 18 18 18 18 18 24 16 1 16 20 21 21 21 21 31 18 18 18 18 18 18 18 18 18 18 18 
18 18 18 18 18 18 18 18 18 18 18 18 18 18 18 18 18 18 18 18 18 18 18 18 18 18 18 18 18 30 22 51 20 31 18 18 18 18 18 18 18 19 18 18 18 18 18 18 18 18 
18 18 18 18 18 18 18 18 18 18 18 18 18 18 18 18 18 18 18 18 18 18 18 18 18 18 18 18 18 18 24 38 23 18 19 18 18 18 18 18 57 58 18 18 18 18 18 18 18 18 
18 18 18 18 18 18 18 18 18 18 18 18 18 18 18 18 18 18 18 18 18 18 18 18 18 18 18 18 18 18 24 38 23 18 18 18 18 18 18 18 18 18 18 18 18 18 19 18 18 18 
18 18 18 18 18 18 18 18 18 18 18 18 18 18 18 18 18 18 18 18 18 18 18 18 18 18 18 18 18 18 24 38 23 18 56 18 18 19 28 26 26 26 26 29 18 18 18 18 18 18 
18 18 18 18 18 18 18 18 18 18 18 18 18 18 18 18 18 18 18 18 18 18 18 18 18 18 18 18 18 18 24 38 25 29 18 19 18 28 27 16 2 1 16 23 18 18 18 18 18 18 
18 18 18 18 18 18 18 18 18 18 18 18 18 18 18 18 18 18 18 18 18 18 18 18 18 18 18 18 18 18 24 41 52 53 54 54 54 55 1 1 1 1 1 23 18 18 18 18 18 18 
18 18 18 18 18 18 18 18 18 18 18 18 18 18 18 18 18 18 18 18 18 18 18 18 18 18 18 18 18 18 30 21 21 31 19 60 18 30 22 16 16 16 1 23 18 18 18 18 18 18 
18 18 18 18 18 18 18 18 18 18 18 18 18 18 18 18 18 18 18 18 18 18 18 18 18 18 18 18 18 18 18 18 18 18 18 61 57 58 24 16 16 1 2 23 18 18 18 18 18 18 
18 18 18 18 18 18 18 18 18 18 18 18 18 18 18 18 18 18 18 18 18 18 18 18 28 26 26 26 29 18 18 18 18 18 18 18 18 18 24 16 16 1 1 23 18 18 18 18 18 18 
18 18 18 18 18 18 18 18 18 18 18 18 18 18 18 18 18 18 18 18 18 18 18 18 24 8 33 7 23 18 18 18 18 18 18 18 18 18 24 16 16 51 16 23 18 18 18 18 18 18 
18 18 18 18 18 18 18 18 18 18 18 18 18 18 18 18 18 18 18 18 18 18 18 18 24 8 3 7 23 18 18 18 18 18 18 18 18 18 24 16 16 38 16 23 18 18 18 18 18 18 
18 18 18 18 18 59 18 18 18 18 18 18 18 18 18 18 18 18 18 18 18 18 18 18 24 8 3 7 23 18 18 18 18 18 18 18 18 18 24 16 16 38 16 23 18 18 18 18 18 18 
18 18 18 18 57 58 18 18 18 18 18 18 18 18 18 18 18 18 18 18 18 18 18 18 24 8 3 7 23 18 18 56 18 18 60 18 18 18 24 16 16 38 16 23 18 18 18 18 18 18 
18 18 18 56 18 60 18 18 18 18 18 18 18 18 18 18 18 18 18 18 18 18 18 18 24 8 3 7 23 18 18 18 57 58 61 18 56 18 24 16 1 49 16 23 18 18 18 18 18 18 
18 18 18 18 18 61 18 18 18 18 18 18 18 18 18 18 18 18 18 18 18 18 18 18 24 8 3 7 25 26 26 26 26 26 26 26 26 26 27 1 1 1 1 23 18 18 18 18 18 18 
18 18 18 18 18 18 18 18 18 18 18 18 18 18 18 18 18 18 18 18 18 18 18 18 24 2 1 1 1 1 1 2 1 1 1 1 1 1 2 1 1 1 1 23 18 18 18 18 18 18 
18 18 18 18 18 18 18 18 18 18 18 18 18 18 18 18 18 18 18 18 18 18 18 18 24 1 1 16 16 16 16 16 16 16 16 1 1 1 1 1 1 1 2 23 18 18 18 18 18 18 
18 18 18 18 18 18 18 18 18 18 18 18 18 18 18 18 18 28 26 26 26 26 26 26 27 16 16 16 42 39 43 16 51 1 2 1 16 16 16 16 16 16 1 23 18 18 18 18 18 18 
18 18 18 18 18 18 18 18 18 18 28 26 26 26 26 26 26 27 1 2 1 1 16 16 16 16 16 16 38 16 41 39 40 16 16 16 16 16 16 16 16 1 1 23 18 18 18 18 18 18 
18 18 18 18 28 26 26 26 26 26 27 16 16 1 1 1 1 1 1 1 1 50 39 39 39 43 16 16 38 16 16 16 16 16 16 16 16 16 16 16 1 1 1 23 18 18 18 18 18 18 
18 18 18 18 24 2 16 16 16 16 16 16 1 1 1 16 16 16 16 16 16 16 16 16 16 38 16 50 48 39 39 39 39 39 43 16 16 16 1 1 1 1 2 23 18 18 18 18 18 18 
18 18 18 18 24 1 16 16 16 16 1 1 1 2 1 1 16 16 16 16 16 16 16 16 16 38 16 16 49 16 16 16 16 16 38 16 16 1 1 20 21 21 21 31 18 18 18 18 18 18 
18 59 18 18 24 16 16 16 1 1 1 1 1 1 1 1 1 1 16 16 16 16 16 16 16 41 43 16 16 16 42 39 39 39 44 16 16 1 2 23 18 18 18 18 18 18 18 18 18 18 
18 18 18 18 24 16 16 1 2 1 1 1 16 16 16 16 51 16 16 16 16 16 16 16 16 16 41 39 43 16 38 16 16 16 38 16 16 16 1 23 18 18 56 18 18 18 18 18 18 18 
18 18 18 18 24 16 16 1 1 1 16 16 16 16 16 16 38 16 16 16 16 16 16 16 16 16 16 16 38 16 38 16 16 16 38 16 16 16 1 23 18 18 18 18 18 18 18 18 18 18 
18 18 18 18 24 16 16 16 16 16 16 16 16 16 16 16 41 39 39 39 39 39 39 43 16 16 16 16 38 16 41 43 16 16 41 39 47 39 52 25 26 26 29 18 18 18 18 18 18 18 
18 18 18 18 24 16 16 16 16 16 16 16 16 16 16 16 16 16 16 16 16 16 16 38 16 16 16 42 40 16 16 41 39 43 16 16 38 1 1 16 16 16 23 18 18 18 18 18 18 18 
18 18 18 60 24 1 2 16 1 1 1 1 16 16 16 16 16 16 16 16 16 16 16 38 1 1 16 38 16 16 42 39 39 40 16 16 38 16 16 16 16 16 23 18 18 18 18 18 18 18 
18 18 18 61 24 1 1 1 1 1 1 2 1 16 16 16 16 16 16 16 16 16 16 38 16 16 16 38 16 16 38 16 16 16 16 16 38 16 33 16 16 16 23 18 18 18 18 18 18 18 
18 18 18 18 24 16 16 16 16 1 1 1 1 1 1 1 1 1 1 1 1 2 50 40 16 16 16 38 16 16 38 16 16 16 16 16 41 39 40 16 16 20 31 18 18 18 18 18 18 18 
18 18 18 18 30 21 21 22 16 16 16 1 1 1 1 1 1 1 1 1 1 1 16 16 16 16 16 38 16 16 38 16 16 16 16 16 16 16 16 16 16 23 18 18 18 18 18 18 18 18 
18 18 18 18 18 57 58 30 21 22 1 1 1 2 1 1 1 1 2 1 1 1 1 16 16 16 16 41 39 39 40 16 16 16 16 16 16 16 16 16 16 23 18 18 18 18 18 18 18 18 
18 18 18 18 18 18 18 18 18 30 21 21 22 1 1 1 1 1 1 1 1 1 1 1 16 16 16 16 16 16 16 16 16 16 16 16 16 16 16 16 16 23 18 18 18 18 18 18 18 18 
18 18 18 18 18 18 18 18 18 18 18 18 30 21 21 21 21 21 22 1 1 1 2 1 1 1 16 16 1 16 16 16 16 16 16 16 16 16 16 16 16 23 18 18 18 18 57 58 18 18 
18 18 18 18 18 18 18 18 18 18 18 18 18 18 59 18 18 18 24 1 1 1 1 1 1 1 1 1 1 1 16 16 16 16 16 16 16 16 16 16 16 23 18 18 18 18 18 18 18 18 
18 18 18 18 18 18 18 18 18 18 18 18 18 18 18 18 18 18 30 21 22 1 1 1 1 1 1 2 1 1 1 16 16 20 21 21 21 21 21 21 21 31 18 18 18 18 18 18 18 18 
18 18 18 59 18 18 18 18 18 18 18 18 18 18 18 18 18 18 18 18 30 21 21 22 1 1 1 1 1 1 1 16 16 23 18 18 18 60 18 18 18 18 18 18 18 18 18 18 18 18 
18 18 18 18 18 18 18 18 18 18 18 18 18 18 18 18 18 18 18 56 18 18 18 30 21 21 21 21 21 21 21 21 21 31 18 18 18 61 18 18 18 18 18 18 18 18 18 18 18 18 
18 18 18 18 18 18 18 18 18 18 18 18 18 18 18 18 18 18 18 18 18 18 18 18 18 18 18 18 18 18 18 18 18 18 18 18 18 18 18 18 18 18 18 18 18 18 18 18 18 18 
18 18 18 18 18 18 18 18 18 18 18 18 18 18 18 18 18 18 18 18 18 18 18 18 18 18 18 18 18 18 18 18 18 18 18 18 18 18 18 18 18 18 18 18 18 18 18 18 18 18 
18 18 18 18 18 18 18 18 18 18 18 18 18 18 18 18 18 18 18 18 18 18 18 18 18 18 18 18 18 18 18 18 18 18 18 18 18 18 18 18 18 18 18 18 18 18 18 18 18 18 
